113.834354,22.407077
113.83396,22.414934
113.827678,22.423948
113.819032,22.431441
113.806825,22.435512
113.796571,22.43372
113.790454,22.427217
113.788873,22.418525
113.792621,22.41021
113.813915,22.398476
113.824541,22.396441
113.831612,22.398023
113.834354,22.407077
114.442264,22.669697
114.449075,22.671985
114.457033,22.673452
114.459677,22.678268
114.467172,22.676611
114.469616,22.676825
114.474475,22.676227
114.47863,22.675044
114.483582,22.671752
114.48742,22.671684
114.489544,22.676669
114.496195,22.677863
114.501243,22.678458
114.509176,22.677725
114.516681,22.674634
114.518517,22.674163
114.521165,22.670632
114.519692,22.669168
114.518608,22.669695
114.517129,22.65963
114.514944,22.656882
114.515858,22.656588
114.522503,22.6587
114.526739,22.660444
114.537261,22.662689
114.556133,22.659717
114.564281,22.660366
114.574725,22.661671
114.58251,22.667645
114.585485,22.668467
114.604983,22.664411
114.610976,22.659786
114.605212,22.6439
114.603125,22.641163
114.598987,22.639194
114.596327,22.635505
114.593467,22.619961
114.590026,22.61684
114.583753,22.613759
114.560973,22.588889
114.552644,22.58809
114.543433,22.588828
114.523667,22.59174
114.522452,22.591785
114.520323,22.589456
114.517455,22.585548
114.517312,22.573559
114.516961,22.563271
114.5263,22.56296
114.535007,22.575294
114.554596,22.578636
114.561435,22.57666
114.564487,22.574088
114.578952,22.557987
114.603329,22.55099
114.615022,22.552471
114.616854,22.552309
114.62122,22.549991
114.622941,22.541655
114.621279,22.538748
114.620718,22.536887
114.628587,22.531739
114.637355,22.521029
114.638711,22.518058
114.638968,22.514943
114.624532,22.497483
114.620961,22.496397
114.615437,22.496258
114.593463,22.485431
114.587503,22.484736
114.573046,22.476817
114.569219,22.475708
114.55812,22.480669
114.548335,22.476888
114.548987,22.471154
114.534127,22.453924
114.508434,22.450603
114.48434,22.496276
114.487224,22.528934
114.483959,22.54326
114.475616,22.549921
114.464748,22.569032
114.447078,22.569466
114.439564,22.57444
114.435324,22.593211
114.420357,22.604953
114.405623,22.610096
114.389701,22.610497
114.347341,22.597435
114.347207,22.598017
114.348017,22.599216
114.347332,22.60135
114.346637,22.603151
114.345406,22.604743
114.341594,22.607073
114.339396,22.607754
114.337179,22.607823
114.332225,22.604321
114.333917,22.602482
114.333912,22.601574
114.332482,22.601936
114.329297,22.600599
114.327749,22.601609
114.326281,22.602375
114.325791,22.602643
114.326135,22.603264
114.325289,22.604246
114.322696,22.603134
114.320471,22.601443
114.317418,22.59979
114.311021,22.592916
114.312186,22.591591
114.313401,22.59046
114.313617,22.588508
114.31358,22.587009
114.313393,22.585964
114.311633,22.575887
114.304507,22.579958
114.303049,22.579842
114.295559,22.585684
114.292302,22.588303
114.292812,22.589737
114.291738,22.589899
114.291264,22.590737
114.290133,22.591658
114.288353,22.592065
114.28592,22.591603
114.285604,22.590341
114.285368,22.58973
114.284322,22.589936
114.282769,22.588046
114.282782,22.587359
114.282334,22.587352
114.282498,22.58866
114.281369,22.589836
114.281219,22.590127
114.280439,22.590915
114.279487,22.58986
114.279516,22.589053
114.281135,22.588657
114.282187,22.588093
114.281616,22.587782
114.280534,22.587263
114.282703,22.584884
114.30013,22.569739
114.286171,22.569377
114.26509,22.569556
114.260835,22.570024
114.257061,22.560288
114.253488,22.562646
114.247858,22.558114
114.246017,22.555652
114.243955,22.552329
114.242459,22.551595
114.2418,22.549414
114.239181,22.547493
114.236708,22.548811
114.23687,22.552064
114.223487,22.558854
114.219506,22.560967
114.209477,22.56037
114.208138,22.560296
114.20763,22.559998
114.207565,22.559223
114.207268,22.558596
114.206822,22.558646
114.206268,22.558346
114.20475,22.558408
114.203601,22.55885
114.203013,22.558573
114.202273,22.557943
114.202027,22.557371
114.200766,22.557115
114.200339,22.557354
114.199688,22.558195
114.199252,22.558283
114.198853,22.557997
114.198005,22.557596
114.196083,22.558028
114.19343,22.558228
114.192887,22.557986
114.192676,22.557159
114.192178,22.557195
114.191155,22.557824
114.19001,22.558186
114.189308,22.558532
114.189211,22.559187
114.188758,22.56244
114.186951,22.562847
114.185942,22.562445
114.185243,22.56218
114.183682,22.56249
114.182108,22.562554
114.180879,22.563732
114.180145,22.564122
114.178787,22.563939
114.1769,22.562263
114.175974,22.562016
114.174824,22.562267
114.174671,22.562834
114.17373,22.564135
114.173272,22.564852
114.171771,22.564367
114.171438,22.563758
114.171057,22.563419
114.170815,22.563236
114.170559,22.562583
114.169674,22.561572
114.169227,22.560755
114.168708,22.559392
114.168403,22.558357
114.167816,22.558148
114.167321,22.558251
114.166392,22.557612
114.166105,22.557614
114.165505,22.55768
114.164016,22.558083
114.163444,22.557879
114.163355,22.557485
114.163177,22.556504
114.163219,22.555717
114.163299,22.555209
114.163138,22.554551
114.162439,22.553937
114.162052,22.554038
114.161569,22.553908
114.161221,22.552957
114.161078,22.552142
114.161244,22.550433
114.162181,22.550097
114.162734,22.550187
114.162683,22.550431
114.16227,22.550959
114.16298,22.551269
114.163433,22.550737
114.163186,22.549559
114.16258,22.549363
114.162088,22.549357
114.16073,22.547926
114.159846,22.546489
114.15993,22.545984
114.160197,22.545268
114.159787,22.544885
114.159224,22.544783
114.157629,22.544552
114.156345,22.544339
114.156,22.544888
114.1557,22.54534
114.153737,22.5455
114.15258,22.546175
114.150569,22.54682
114.148394,22.546832
114.145578,22.545043
114.14215,22.545497
114.139545,22.543424
114.137408,22.543401
114.131786,22.538771
114.128762,22.53817
114.127379,22.536211
114.126767,22.53472
114.123762,22.533213
114.122169,22.533366
114.11943,22.536726
114.117055,22.538456
114.114286,22.538854
114.107081,22.538324
114.094151,22.535578
114.089216,22.532223
114.094594,22.525418
114.08719,22.519015
114.080682,22.521372
114.075949,22.520487
114.068667,22.514205
114.067075,22.509363
114.064504,22.50594
114.048162,22.509099
114.031597,22.506086
114.021191,22.507073
114.006427,22.511619
113.964405,22.482555
113.894963,22.443379
113.840651,22.503031
113.756224,22.658189
113.753049,22.731108
113.767278,22.742341
113.787943,22.754781
113.791498,22.755794
113.794983,22.757212
113.796825,22.758469
113.798497,22.760092
113.800068,22.76199
113.801058,22.765005
113.801356,22.767987
113.800825,22.770775
113.800104,22.772407
113.798972,22.773901
113.799002,22.775515
113.799643,22.776649
113.801516,22.778855
113.80417,22.780551
113.807033,22.781074
113.808565,22.782205
113.809195,22.784007
113.808926,22.785629
113.807896,22.787042
113.807177,22.789012
113.80876,22.790801
113.81146,22.79074
113.812759,22.788924
113.814918,22.787884
113.816287,22.787925
113.818007,22.78819
113.819725,22.789164
113.821794,22.791083
113.821546,22.792752
113.820169,22.794603
113.821051,22.796755
113.823088,22.798215
113.825333,22.79822
113.828993,22.798058
113.831585,22.798562
113.833847,22.798792
113.835034,22.80127
113.835593,22.80333
113.837307,22.803542
113.840561,22.804118
113.843585,22.804059
113.844322,22.805119
113.844353,22.806523
113.845171,22.808781
113.847185,22.814226
113.847416,22.81644
113.846039,22.8222
113.845971,22.8235
113.845672,22.824271
113.845792,22.825458
113.845107,22.826513
113.843596,22.827581
113.84215,22.828122
113.842632,22.829
113.843796,22.829926
113.843906,22.831455
113.844592,22.833457
113.845417,22.834988
113.846552,22.836309
113.848123,22.837184
113.848201,22.838554
113.848688,22.839993
113.850299,22.839849
113.852049,22.840457
113.85347,22.841459
113.85492,22.842122
113.857564,22.842976
113.858667,22.842373
113.860923,22.840966
113.862663,22.841756
113.864134,22.842696
113.866133,22.841766
113.868043,22.841922
113.869813,22.841814
113.86858,22.840262
113.869007,22.840656
113.87048,22.841321
113.871196,22.841185
113.872769,22.841492
113.873714,22.841654
113.875158,22.843282
113.876602,22.843496
113.877578,22.843578
113.879691,22.84352
113.879551,22.84446
113.87936,22.846223
113.879968,22.847354
113.87933,22.848305
113.878262,22.850423
113.878171,22.852083
113.878909,22.85154
113.879766,22.851951
113.880934,22.8508
113.881261,22.852087
113.881769,22.852495
113.882186,22.853705
113.882421,22.855777
113.885486,22.858836
113.885824,22.860792
113.886336,22.858751
113.887748,22.858693
113.888165,22.859084
113.88961,22.857223
113.890638,22.8574
113.891281,22.857878
113.891699,22.859017
113.892824,22.858863
113.892986,22.860154
113.895463,22.861581
113.899162,22.862423
113.902961,22.860404
113.904637,22.861795
113.905119,22.860709
113.903668,22.859197
113.902959,22.857734
113.901541,22.859519
113.899837,22.860617
113.898582,22.859547
113.899256,22.856661
113.901541,22.856368
113.899609,22.855217
113.901442,22.852768
113.90347,22.851486
113.905176,22.849514
113.906917,22.850692
113.909334,22.850719
113.910816,22.849317
113.911555,22.847866
113.913843,22.846452
113.915166,22.845292
113.91894,22.846465
113.921068,22.845775
113.921295,22.846971
113.921974,22.847622
113.921747,22.845524
113.920197,22.845516
113.920519,22.844492
113.922261,22.844978
113.924166,22.846331
113.925716,22.848352
113.928555,22.848679
113.93062,22.849468
113.934327,22.849797
113.938677,22.848333
113.941832,22.846766
113.942553,22.845501
113.944636,22.844585
113.946488,22.844379
113.947489,22.843547
113.947389,22.841974
113.947029,22.84044
113.946389,22.839121
113.946389,22.837901
113.94601,22.836934
113.94839,22.835475
113.952604,22.834338
113.956782,22.833036
113.959571,22.828722
113.963873,22.826366
113.963578,22.823357
113.964985,22.820771
113.968196,22.819816
113.972054,22.822063
113.973207,22.820137
113.975718,22.818431
113.977445,22.818654
113.979092,22.818312
113.980708,22.816757
113.982915,22.816237
113.983793,22.814626
113.98471,22.813037
113.982147,22.811438
113.980824,22.809111
113.980929,22.80629
113.982212,22.803625
113.982664,22.80508
113.982046,22.807095
113.982736,22.807549
113.983023,22.806257
113.984144,22.806806
113.983554,22.805886
113.983952,22.805069
113.985442,22.806655
113.985244,22.807474
113.986661,22.807074
113.987632,22.807662
113.989002,22.808583
113.98963,22.807604
113.990319,22.806451
113.992028,22.806408
113.995299,22.806453
113.99723,22.806566
113.997489,22.80534
113.997627,22.803903
113.997918,22.803657
113.997847,22.802784
113.997866,22.802145
113.997815,22.801475
113.997554,22.800841
113.997564,22.800211
113.997782,22.799254
113.997913,22.798643
113.998282,22.798225
113.998501,22.797152
113.999291,22.79615
113.999271,22.795467
113.99913,22.794736
113.999099,22.793924
113.999648,22.792705
114.000109,22.791647
114.000428,22.790865
114.000348,22.790347
114.000588,22.789634
114.000997,22.7881
114.001858,22.787453
114.001998,22.786848
114.002268,22.785452
114.003319,22.784408
114.003318,22.783679
114.003629,22.783365
114.004541,22.783094
114.004941,22.782875
114.004971,22.782508
114.004791,22.782101
114.005362,22.781287
114.005462,22.780754
114.005072,22.780358
114.004479,22.780263
114.003969,22.779776
114.003788,22.779194
114.003126,22.778585
114.001934,22.777121
114.002675,22.775396
114.003828,22.774441
114.005301,22.773878
114.007055,22.773294
114.008379,22.771462
114.009192,22.769884
114.010607,22.770098
114.012252,22.770503
114.013336,22.770482
114.013939,22.769219
114.015224,22.767714
114.018107,22.768348
114.020398,22.767443
114.022328,22.767084
114.024147,22.766236
114.025394,22.767496
114.02661,22.767119
114.029616,22.768084
114.031246,22.76905
114.032483,22.770541
114.033186,22.772052
114.034423,22.772329
114.035873,22.771214
114.037583,22.770844
114.040298,22.770101
114.043335,22.769651
114.044803,22.769566
114.046169,22.769535
114.047487,22.769329
114.048151,22.769024
114.047387,22.76852
114.048781,22.768952
114.049656,22.770652
114.051364,22.77147
114.0527,22.772584
114.052891,22.773505
114.055672,22.773676
114.055983,22.772249
114.057398,22.770929
114.05803,22.769581
114.059314,22.768801
114.059114,22.767722
114.058463,22.766289
114.056928,22.765378
114.056066,22.764318
114.055484,22.763066
114.056207,22.762444
114.058044,22.762367
114.058966,22.761758
114.06032,22.761202
114.061663,22.761997
114.063318,22.761718
114.06406,22.760095
114.065402,22.759394
114.067014,22.760522
114.068186,22.760067
114.069156,22.760035
114.070466,22.761632
114.071467,22.761037
114.071048,22.758929
114.070989,22.757013
114.06986,22.756557
114.06948,22.755422
114.070411,22.754541
114.071182,22.754185
114.072823,22.753472
114.073721,22.75386
114.074911,22.754578
114.07592,22.754613
114.076301,22.753169
114.075883,22.751742
114.078001,22.750918
114.07959,22.749528
114.078983,22.747732
114.080661,22.746731
114.08162,22.746191
114.082836,22.747371
114.084142,22.749081
114.085458,22.749993
114.087721,22.750866
114.088169,22.75163
114.087979,22.752753
114.088675,22.754027
114.089443,22.754618
114.09033,22.754375
114.091347,22.754226
114.092513,22.754049
114.09352,22.753643
114.094536,22.754106
114.096001,22.753603
114.097097,22.754174
114.098412,22.754451
114.100285,22.755099
114.100096,22.754299
114.098483,22.753315
114.098673,22.752447
114.100038,22.752305
114.10183,22.753091
114.103525,22.752715
114.104829,22.752901
114.105297,22.752604
114.104861,22.750455
114.104833,22.749244
114.106438,22.747793
114.107136,22.746644
114.107417,22.745269
114.107287,22.743669
114.10756,22.742143
114.106853,22.741215
114.105757,22.741455
114.106634,22.740412
114.107501,22.739713
114.108119,22.739224
114.109107,22.737637
114.110559,22.737458
114.11172,22.736178
114.112658,22.735228
114.111751,22.734432
114.111702,22.733855
114.112679,22.733303
114.113785,22.734157
114.114643,22.734179
114.113925,22.733018
114.114017,22.731238
114.114565,22.730334
114.115464,22.72997
114.115913,22.728626
114.11688,22.728828
114.118066,22.729388
114.117997,22.727944
114.119164,22.727502
114.120511,22.727487
114.121777,22.729165
114.123804,22.729335
114.124114,22.727563
114.125471,22.727339
114.126121,22.725831
114.127839,22.724865
114.129089,22.723241
114.130867,22.722705
114.132305,22.722777
114.134715,22.722771
114.136475,22.721786
114.137084,22.720965
114.139055,22.719753
114.141106,22.718895
114.142751,22.719438
114.143733,22.721459
114.146109,22.721429
114.147671,22.720312
114.149272,22.72016
114.149372,22.71945
114.149853,22.717886
114.149803,22.716272
114.149683,22.714813
114.150153,22.713819
114.151869,22.712525
114.151331,22.709506
114.151463,22.707253
114.152903,22.706562
114.154746,22.706116
114.155947,22.70559
114.156841,22.704141
114.159674,22.696771
114.162534,22.693819
114.164244,22.693053
114.168164,22.690911
114.168753,22.689868
114.169492,22.689189
114.170097,22.687322
114.172357,22.686486
114.174488,22.685867
114.174579,22.684225
114.173047,22.683439
114.173822,22.680367
114.174177,22.678976
114.172979,22.677404
114.173089,22.677072
114.172289,22.676276
114.170769,22.676575
114.170368,22.675755
114.170398,22.675221
114.171676,22.674043
114.171136,22.673339
114.169947,22.673984
114.169866,22.673687
114.170605,22.67294
114.170775,22.671993
114.170444,22.671422
114.170043,22.670949
114.169285,22.671791
114.169015,22.672604
114.168565,22.673089
114.167696,22.673415
114.167516,22.674029
114.166846,22.674713
114.165966,22.674365
114.165295,22.674228
114.164605,22.67421
114.164184,22.674069
114.164092,22.673444
114.163733,22.672827
114.162962,22.672918
114.162542,22.673774
114.162193,22.674722
114.161463,22.675192
114.160652,22.675051
114.160382,22.674501
114.160991,22.674058
114.161141,22.673372
114.16058,22.672861
114.160829,22.671959
114.161589,22.67123
114.161518,22.670329
114.160698,22.670146
114.160319,22.671
114.160208,22.670149
114.160457,22.669819
114.161148,22.669123
114.160684,22.666704
114.161809,22.666605
114.164508,22.671682
114.166971,22.671482
114.168971,22.666734
114.16853,22.665919
114.16786,22.665337
114.167168,22.664401
114.167449,22.663672
114.169198,22.662784
114.170109,22.662952
114.171077,22.667068
114.172859,22.668471
114.175219,22.667924
114.175183,22.666068
114.173923,22.663853
114.175798,22.665122
114.176218,22.665634
114.176647,22.665049
114.176967,22.664133
114.176906,22.663552
114.176706,22.663072
114.177256,22.662749
114.177885,22.663686
114.178824,22.66397
114.179323,22.662712
114.179103,22.661332
114.179312,22.660816
114.18076,22.660503
114.181049,22.659612
114.181628,22.660174
114.182926,22.660001
114.18355,22.659997
114.184719,22.66033
114.18551,22.660618
114.186338,22.660923
114.186038,22.661706
114.18555,22.662565
114.186389,22.663773
114.187785,22.664219
114.188503,22.665068
114.189211,22.665753
114.189063,22.667061
114.189702,22.668244
114.189802,22.669145
114.189185,22.669858
114.189364,22.670331
114.189643,22.670631
114.190232,22.671102
114.19096,22.67173
114.191886,22.671797
114.192974,22.672465
114.193771,22.672629
114.194409,22.673386
114.195445,22.674119
114.195027,22.674806
114.193713,22.674722
114.192725,22.674172
114.191888,22.674308
114.192268,22.674991
114.192578,22.676045
114.191672,22.67725
114.191703,22.678213
114.19277,22.678036
114.193314,22.678695
114.193622,22.679407
114.194394,22.679779
114.195332,22.680553
114.196447,22.681107
114.197115,22.681832
114.197386,22.682963
114.198531,22.683612
114.199308,22.684475
114.200075,22.685457
114.201548,22.686008
114.202495,22.687201
114.20362,22.688334
114.202228,22.689267
114.199771,22.689453
114.198866,22.690141
114.198379,22.691511
114.197624,22.693089
114.197695,22.694349
114.199388,22.694531
114.20097,22.693926
114.202312,22.694168
114.203308,22.694304
114.20314,22.695955
114.202256,22.696913
114.202923,22.698337
114.204615,22.698824
114.205044,22.699653
114.205213,22.700087
114.205532,22.700447
114.205452,22.700741
114.204935,22.701531
114.204508,22.702005
114.203712,22.702025
114.203524,22.702181
114.203444,22.702473
114.203584,22.703261
114.204449,22.703454
114.204381,22.704396
114.204819,22.705875
114.205377,22.706374
114.205596,22.708227
114.205428,22.709551
114.205338,22.710122
114.205269,22.711263
114.204802,22.712566
114.203887,22.712907
114.20321,22.713387
114.20315,22.713904
114.203012,22.714463
114.203012,22.715308
114.202922,22.716306
114.202803,22.716968
114.204186,22.717854
114.204404,22.719012
114.206016,22.719463
114.207318,22.720062
114.207965,22.72038
114.208582,22.720725
114.207855,22.721052
114.208522,22.72122
114.209575,22.721476
114.210589,22.721708
114.211733,22.721738
114.212618,22.72147
114.213373,22.720774
114.214278,22.721605
114.214655,22.722256
114.216195,22.722907
114.216735,22.723048
114.216713,22.724664
114.215469,22.725079
114.214733,22.726631
114.214543,22.729005
114.214383,22.730823
114.214939,22.731842
114.214838,22.733463
114.214747,22.7344
114.214708,22.735257
114.215542,22.73586
114.216713,22.738038
114.218114,22.739698
114.219715,22.739969
114.221755,22.741795
114.221668,22.745651
114.220067,22.745628
114.219648,22.747128
114.218621,22.748981
114.215857,22.750098
114.214872,22.750723
114.21488,22.752133
114.215456,22.75389
114.216389,22.755665
114.2161,22.756891
114.21428,22.757615
114.212967,22.757964
114.211813,22.758656
114.210778,22.759519
114.209088,22.759817
114.209058,22.761349
114.209642,22.762915
114.209364,22.763987
114.20814,22.765059
114.206987,22.765755
114.206161,22.766577
114.206598,22.768781
114.205852,22.769833
114.204619,22.770624
114.205115,22.771026
114.204091,22.771632
114.203276,22.770948
114.201017,22.771552
114.199674,22.771069
114.198878,22.770032
114.197853,22.770137
114.195653,22.769213
114.19397,22.769256
114.192924,22.770059
114.191048,22.770896
114.189054,22.771225
114.189437,22.774037
114.191808,22.774335
114.191282,22.773375
114.191822,22.77286
114.193064,22.773857
114.194547,22.775996
114.193385,22.777717
114.191052,22.778797
114.189895,22.779708
114.18968,22.780942
114.189444,22.781653
114.18806,22.782159
114.187906,22.7793
114.188911,22.778362
114.188151,22.777685
114.186478,22.779094
114.186612,22.78126
114.186564,22.783711
114.187012,22.785192
114.188844,22.786025
114.190353,22.785807
114.191772,22.787138
114.192859,22.789575
114.195041,22.790393
114.196675,22.791366
114.199561,22.791173
114.202814,22.791295
114.204289,22.793023
114.206606,22.793161
114.208285,22.793243
114.209471,22.794731
114.212124,22.795023
114.213548,22.796667
114.214444,22.797509
114.216867,22.79873
114.217534,22.80044
114.218029,22.802817
114.219742,22.805391
114.219672,22.807531
114.22374,22.815076
114.227205,22.815506
114.230763,22.817123
114.233647,22.820193
114.235079,22.817109
114.23795,22.813435
114.237667,22.811903
114.238515,22.810282
114.239612,22.806195
114.239779,22.801924
114.242583,22.80162
114.245048,22.801196
114.245914,22.800205
114.249049,22.800372
114.251056,22.799153
114.251798,22.797596
114.252676,22.794749
114.254852,22.793581
114.255695,22.792259
114.256263,22.790726
114.257644,22.789868
114.259098,22.789997
114.261042,22.791448
114.263857,22.791453
114.265902,22.790666
114.267443,22.790785
114.268363,22.791324
114.270468,22.792756
114.272598,22.7947
114.274708,22.797907
114.274037,22.800362
114.275407,22.800438
114.277824,22.801469
114.280379,22.802222
114.281623,22.803073
114.281379,22.805161
114.284302,22.806317
114.287564,22.809673
114.288585,22.810537
114.290365,22.816123
114.290276,22.817556
114.292437,22.815733
114.292568,22.815086
114.295033,22.815359
114.296978,22.815862
114.300472,22.813884
114.301329,22.811775
114.300675,22.811105
114.303777,22.809906
114.305051,22.810236
114.30654,22.809931
114.309114,22.809836
114.311663,22.809392
114.31303,22.810513
114.31743,22.810907
114.318871,22.809856
114.31985,22.80826
114.320283,22.808
114.321506,22.808501
114.323372,22.811803
114.324582,22.813122
114.326379,22.814245
114.3296,22.812927
114.331998,22.813507
114.333357,22.813142
114.335978,22.816399
114.337656,22.816405
114.340962,22.816788
114.341991,22.817532
114.345501,22.817396
114.346616,22.817865
114.349388,22.816483
114.351043,22.816112
114.353737,22.816638
114.355552,22.814549
114.358988,22.814095
114.358689,22.811899
114.356757,22.810197
114.357052,22.807537
114.356227,22.807494
114.355822,22.80654
114.357394,22.804971
114.357541,22.800652
114.356454,22.799274
114.356919,22.798201
114.355175,22.797378
114.350286,22.795021
114.350647,22.794156
114.348559,22.792541
114.348418,22.79189
114.349322,22.791726
114.34995,22.78734
114.349965,22.786913
114.35084,22.787104
114.352101,22.786118
114.353425,22.786612
114.355763,22.786682
114.358105,22.786226
114.360087,22.78619
114.361505,22.783846
114.361993,22.775042
114.361911,22.77263
114.363693,22.771014
114.366516,22.771393
114.368321,22.77238
114.370519,22.773255
114.371541,22.774082
114.373537,22.774268
114.375318,22.772904
114.382476,22.770795
114.387248,22.768177
114.392704,22.767315
114.393558,22.765485
114.394617,22.765087
114.395363,22.765102
114.395171,22.766769
114.396604,22.766808
114.400832,22.76729
114.401193,22.769621
114.401329,22.772427
114.402294,22.773317
114.401912,22.774738
114.4019,22.775589
114.40177,22.77786
114.401478,22.778466
114.401594,22.778787
114.402309,22.779422
114.402475,22.782305
114.409332,22.785956
114.411558,22.787046
114.412822,22.785515
114.41629,22.783784
114.418067,22.782913
114.420539,22.779324
114.420636,22.778302
114.423239,22.774894
114.424645,22.773414
114.424114,22.772399
114.425583,22.768162
114.428872,22.768795
114.429124,22.767253
114.423994,22.765188
114.423915,22.764453
114.427024,22.761406
114.42485,22.760157
114.420975,22.757689
114.422306,22.752281
114.419994,22.744609
114.418999,22.742704
114.414248,22.738959
114.414609,22.732124
114.413535,22.731627
114.410348,22.732783
114.410144,22.730462
114.413181,22.727525
114.416225,22.721477
114.415326,22.719959
114.416652,22.718539
114.420586,22.720269
114.423847,22.720013
114.428284,22.720197
114.430931,22.716998
114.430758,22.715353
114.431586,22.710261
114.433381,22.70914
114.434702,22.706932
114.43783,22.706912
114.439285,22.707216
114.441456,22.708463
114.442132,22.70663
114.445216,22.705377
114.447303,22.7052
114.449315,22.70566
114.451827,22.700211
114.451872,22.698119
114.450559,22.694371
114.444392,22.68953
114.44363,22.688082
114.438121,22.685505
114.435021,22.684469
114.43585,22.681894
114.43699,22.676566
114.437949,22.675872
114.439182,22.67243
114.437862,22.670731
114.440468,22.669678
114.442264,22.669697
114.326977,22.596207
114.326823,22.59596
114.326067,22.596138
114.325682,22.597068
114.326476,22.596833
114.326931,22.596294